11.58
137.36
35.90
119.99
58.53
128.88
83.87
50.89
94.42
150.57
62.52
86.26
108.47
149.02
92.78
108.63
136.83
102.63
107.11
85.19
61.20
141.33
69.35
138.77
128.23
130.88
41.69
118.16
99.89
97.42
77.13
75.59
108.79
90.84
31.89
102.60
84.75
63.98
63.32
128.02
159.93
129.70
84.40
56.04
147.25
140.37
157.74
73.67
67.28
29.21
32.95
75.07
103.03
80.93
107.08
23.79
93.63
149.57
64.05
118.60
125.88
126.46
78.92
72.50
104.22
93.18
126.51
53.54
188.15
37.85
92.40
90.71
79.49
93.22
115.47
101.32
45.97
69.07
185.43
22.49
58.56
90.09
108.72
50.73
76.16
78.16
62.70
44.09
52.43
37.70
106.12
66.51
108.92
12.69
139.67
96.52
56.68
172.57
105.59
79.31
33.54
104.94
120.67
43.36
123.30
